[-0.01503876 -0.08906515 -0.09537947 -0.06374677 -0.01932668 -0.012528
  0.04450234][ 0.07732785  0.05966772 -0.07076957 -0.03005292 -0.04829088  0.05394155
 -0.01836596][ 0.01433038  0.05234855 -0.00782884 -0.01634481 -0.06524508  0.04461697
 -0.09113829][-0.03907517  0.02348609  0.00470889  0.05705564 -0.02832687  0.09991019
  0.09558315][ 0.07943148  0.05175382  0.05169715 -0.0131321   0.09557836 -0.06053287
 -0.00695503][-0.0058077   0.02650682  0.05549944  0.05892795 -0.03910245  0.06980773
  0.08046509][-0.04595371  0.08968141  0.09430233 -0.08548313 -0.04989721  0.03401014
  0.05285218][-0.04828263  0.06055131  0.05912985  0.08883271 -0.06071079 -0.09414602
 -0.00591066][ 0.01408812  0.0548673   0.0195593   0.06011774  0.00612613 -0.03436771
  0.02681806][ 0.09406557 -0.07475732 -0.07499574  0.0460704   0.06356873  0.04857999
 -0.00850407][-0.02051194 -0.09191829  0.08376934  0.06414723 -0.08093581  0.00346588
 -0.05155982][ 0.0115566  -0.01674133 -0.02184605  0.00534984 -0.05488719  0.05376853
  0.03100702][-0.00927541 -0.00067603  0.01773977  0.00335264  0.06429061  0.00420023
 -0.09351918][ 0.02558388 -0.09545613 -0.06003197  0.09143394  0.00041343 -0.04548717
 -0.04395222][ 0.01329605  0.04200557 -0.09276236  0.01853366  0.00830429  0.07393097
 -0.08368982][ 0.05978352  0.02486034  0.02371373 -0.04753848  0.00694323  0.03291766
 -0.01049711][-0.04889284 -0.01733558  0.02810244 -0.02719557 -0.07760172 -0.05349861
  0.05718391][ 0.08369201  0.03143298  0.00014288  0.04030235 -0.08964625  0.05387474
  0.00053226][ 0.08736335  0.00690561 -0.01593849 -0.09134421 -0.03501844 -0.03810209
  0.05298327][ 0.09199404 -0.08266519  0.08174159  0.00351228  0.07598905 -0.01620135
  0.00654721][ 0.08245712 -0.02630929 -0.05421951  0.09039367 -0.0467437   0.08790709
 -0.0683905 ][ 0.03043147  0.04371357 -0.00850693  0.04242511  0.08949745  0.05572168
  0.08182222][-0.01751488  0.02116897  0.05053592  0.05549004 -0.00557831  0.05562394
 -0.01456065][-0.09597259 -0.0556346  -0.08828811  0.07398979 -0.075828    0.05773025
  0.02652417][-0.04549035  0.02842756  0.00887357  0.05286877  0.03613324  0.07556055
  0.02595237][ 0.06254425  0.09334186 -0.00998306 -0.05203583  0.04704034  0.00457908
  0.02386361][ 0.08815487 -0.06792822 -0.08268609 -0.08592781 -0.00150887  0.07932498
 -0.05187273][-0.0323503   0.04338314  0.09810924 -0.05168542  0.05733215 -0.04864345
  0.07399566][-0.01207141 -0.07810308  0.09212755  0.08966583 -0.06477681  0.04301457
  0.00912775][ 0.03693734 -0.07007319  0.03985057  0.03020482 -0.09523173 -0.02381843
  0.04041969][ 0.05849008 -0.09470263 -0.07113316  0.04842163 -0.07588675  0.03902299
  0.08666831][ 0.06045845 -0.04818487  0.01934547 -0.06120214  0.01384361 -0.01553
 -0.06433047][ 0.09453974  0.06052579 -0.03313435 -0.0648868  -0.03441318 -0.08808606
  0.01143362][-0.07384011 -0.09853163  0.06283488  0.05160006  0.03453366 -0.02575451
 -0.07992133][ 0.04466987  0.03710034 -0.07393903 -0.01222102 -0.02163189 -0.02360838
  0.08514887][-0.00617237  0.06470533 -0.07799005 -0.00785197  0.01841755  0.00988663
  0.02858328][-0.087646    0.05170244 -0.0925034   0.0855396  -0.08836904  0.00154212
 -0.02972938][-0.06415714  0.06981297  0.02898045 -0.06501172  0.04348446 -0.03298809
 -0.07253539][ 0.00998006 -0.06253107 -0.02700671 -0.0486238   0.07183582  0.00400867
 -0.06040589][ 0.01721305  0.01708256 -0.01083372  0.09946096 -0.03650663  0.00973773
  0.03025375][0. 0. 0. 0. 0. 0. 0.][0. 0. 0. 0. 0. 0. 0.][-0.04852509 -0.01088109  0.05065317  0.01428458  0.04057669  0.04532456
 -0.09013627][ 0.04987675 -0.06171095 -0.01817419 -0.05220793  0.02067329  0.0440289
 -0.01500134][-0.07025553 -0.04468562 -0.03238285  0.06377805 -0.01788669  0.08763648
 -0.05006393][ 0.07719239 -0.08554876 -0.09561626  0.05978635 -0.08348828 -0.04085626
  0.08319768][ 0.01093135 -0.07554488  0.08016696  0.09723562 -0.07251482  0.00788959
  0.02780438][ 0.03394772  0.08461678 -0.0222433   0.02445775  0.04698775 -0.06458028
  0.0585971 ][ 0.05088781 -0.08650651 -0.07554513  0.04192568 -0.05779429 -0.09905522
  0.00717902][-0.05635193  0.03711006 -0.08524296  0.08485295  0.05177744 -0.020416
 -0.02777553][ 0.00389171 -0.07160762  0.09378003  0.09385471 -0.02973655  0.00323173
 -0.08965747][-0.00024633 -0.01895168  0.07198189  0.05354844 -0.04502213 -0.07577682
  0.00937852][ 0.05881095  0.03538707  0.04889407  0.03021784 -0.0784187   0.01480804
  0.03984906][ 0.01921556 -0.08925307  0.09861834  0.04018041 -0.02471815 -0.09022158
  0.06088173][-0.08622669  0.07363602  0.08781449  0.01181679  0.03118365  0.05670768
  0.00992301][ 0.00804095 -0.00037754 -0.06772014  0.08806443  0.05278646  0.00342351
  0.00967273][-0.03521357 -0.03994187 -0.0813374  -0.02975995 -0.01595881 -0.04311384
  0.023527  ][ 0.05502139 -0.04829342 -0.0073693  -0.0233883  -0.09905364 -0.03319127
  0.02319534][ 0.04495567  0.08421148  0.04857135 -0.0955473  -0.07595197  0.06952988
  0.00240856][ 0.09820193 -0.06561033  0.00957546  0.07244062  0.02601873 -0.0382115
 -0.07004005][ 0.01349085 -0.02629298 -0.07834316 -0.04375056 -0.07326026  0.09286604
 -0.08331948][ 0.03069521 -0.03360846 -0.05363284  0.07252913 -0.06106417 -0.06354483
 -0.00237449][ 0.08968439  0.07995511  0.04753907 -0.09370672  0.06773414 -0.07657183
 -0.06464149][ 0.04100756  0.08391123  0.04270867  0.03643183 -0.0832977   0.09253688
 -0.03184966][ 0.05130581 -0.09331892  0.07198308 -0.06021213 -0.03964959 -0.00475774
  0.04726888][-0.02651317  0.07277887  0.04901475  0.0009085  -0.01988849  0.09525204
 -0.06496854][-0.07045586 -0.07323888 -0.02118512 -0.0263981  -0.01877353  0.02540719
  0.08503985][ 0.00105895  0.09938635  0.01351707 -0.08290769  0.01324179  0.08269702
  0.08640427][-0.03625567  0.00718398  0.00796652 -0.01429257  0.01417723 -0.06480658
 -0.01916758][ 0.04291305 -0.06711239  0.02965453 -0.09577989  0.02842052 -0.02938721
 -0.00165479][ 0.05091517  0.09766914 -0.09185078  0.08311196  0.06349196 -0.07559231
 -0.01018707][ 0.01459915  0.05291941  0.07998742  0.01724173 -0.08279338  0.07340178
  0.07842042][ 0.0130591  -0.06453779 -0.05782055  0.05798559  0.00453586 -0.03228687
 -0.08877185][ 0.02091914  0.0903561   0.00374515 -0.04117079 -0.00723355  0.08869296
 -0.011107  ][-0.02898979 -0.09618575 -0.04613554 -0.07380825 -0.02824888 -0.01076291
  0.00311394][ 0.06412786  0.08394963 -0.03709532 -0.02030638  0.06527785 -0.0684419
 -0.05746552][ 0.00398281  0.04674673  0.0532802  -0.02317936  0.05801157 -0.09233537
 -0.01686953][-0.08728273  0.00032895 -0.07815576  0.05626316  0.01691767 -0.08462925
 -0.03953019][-0.04907835 -0.08387844 -0.00709845  0.01483595  0.01792972 -0.07494522
 -0.04628874][ 0.04643452 -0.00933269  0.06108462  0.0272071  -0.02647025 -0.05485483
  0.08398047][-0.0447695  -0.03608431  0.02730621 -0.08349729 -0.08492029 -0.07629327
  0.06465164][-0.00142417 -0.08063283 -0.01467015  0.02651509 -0.07675046  0.03753304
 -0.02725766][0. 0. 0. 0. 0. 0. 0.][0. 0. 0. 0. 0. 0. 0.][-0.0120036  -0.06038429  0.03939307 -0.00306043  0.09680945 -0.0563572
  0.03679449][ 0.06030456 -0.02313794 -0.00886119  0.00383999 -0.0567411  -0.03813631
 -0.0806452 ][ 0.01598762  0.09319897  0.03532489  0.06686881  0.08344652 -0.03158888
 -0.02784073][-0.04768683  0.09925286 -0.04036409  0.04198053  0.02245967 -0.03393042
 -0.00119428][ 0.08711883 -0.07608268 -0.02927785 -0.09314298  0.08583296  0.02550165
  0.08675732][ 0.06480855 -0.07126535  0.08081643  0.02348637 -0.09694863 -0.01136034
  0.04777193][-0.03729599 -0.06353941 -0.06483003 -0.07539171  0.09242894 -0.08453447
 -0.03823676][0.08914088 0.05764814 0.05746558 0.01709871 0.01704495 0.05155662
 0.0971966 ][-6.10590391e-02  6.68182001e-02  6.91132620e-02 -1.80572085e-02
  6.95477799e-02 -3.30082003e-05 -3.72398049e-02][-0.06709886 -0.05679413  0.06754887 -0.09973531  0.02155442  0.04114935
  0.04176862][ 0.02374536 -0.00589307  0.04358815  0.01848063  0.06252648 -0.02727675
 -0.02370682][ 0.09668907 -0.04907068 -0.05934996 -0.01098524  0.02497116  0.08092946
 -0.0566947 ][ 0.06470075 -0.02383728  0.0501978  -0.00876679  0.02524652  0.06088755
  0.05499626][ 0.03987293 -0.02813567  0.04591873  0.05244945 -0.03772686 -0.02536744
  0.05101166][-0.09377156 -0.04122178 -0.02827589 -0.06350347  0.01037406  0.00564653
 -0.00474893][ 0.0045336   0.08012058  0.02154207  0.0028372  -0.06174732 -0.0941695
 -0.05423058][-0.01132045 -0.03574434  0.0765727  -0.03823093 -0.09323929 -0.0640128
 -0.08575045][-0.05007605  0.09298735 -0.09704135 -0.07426192  0.0385129  -0.09219927
 -0.03905487][ 0.01999608  0.03457367  0.08125149  0.05492501 -0.05197245  0.09838412
 -0.06815711][-0.0393178  -0.03012696 -0.02086703  0.07941921  0.04277508 -0.07586461
 -0.0835963 ][ 0.00693109  0.04106247 -0.02973156 -0.09123607 -0.07215197  0.03765212
 -0.00607208][ 0.04955646 -0.09217948  0.09169525  0.02280315 -0.07967005  0.06052892
  0.00085358][ 0.03758062  0.06081279  0.09350713 -0.03414511 -0.08294372  0.05281556
 -0.03987839][-0.06838503  0.05400094  0.0358055   0.06844484 -0.03465463  0.09585212
  0.0158177 ][-0.04991196 -0.07718106  0.03463186 -0.0871525  -0.09628271  0.07630079
 -0.08310749][ 0.08416885 -0.01160604  0.01151094  0.03419508 -0.04057261  0.00804619
  0.03698241][ 0.09311973  0.04311433  0.0903114   0.01418088 -0.06798887 -0.0223989
  0.07724578][ 0.06971114  0.02623908 -0.09103778 -0.05571223  0.01634858 -0.04366041
 -0.01528695][ 0.02955306  0.03050572  0.07195319  0.04260966 -0.06937333 -0.04002845
 -0.02517207][ 0.03180948 -0.00566323 -0.04678775  0.03356211 -0.06157283 -0.00971279
  0.03678524][ 0.04013507  0.01633107  0.05967545 -0.01140585  0.02886644  0.02633904
 -0.02602108][ 0.0039636  -0.07833753 -0.07980419 -0.07133444 -0.08251663  0.02410246
  0.04355482][-0.05005156 -0.06242957 -0.02978584 -0.0633122  -0.0771113  -0.07322326
  0.06956179][-0.02431987  0.01299963 -0.05964867  0.07931554 -0.07965551  0.0421665
 -0.09089615][ 0.00104257 -0.0503161  -0.04810008  0.06486504 -0.08963442 -0.058665
 -0.04416173][ 0.03118038  0.06962394  0.04968968 -0.09464148  0.09381593 -0.09865277
 -0.0796934 ][ 0.02824121  0.03021821 -0.08264163 -0.06321557 -0.079414    0.04000306
  0.07722902][-0.0966908  -0.07953102  0.05916807 -0.00530882  0.0661942   0.09183794
  0.04278769][-0.0758585   0.09614673 -0.02488308  0.05005508 -0.08242972 -0.00492049
 -0.02577785][ 0.02446614  0.04337502 -0.08475864  0.08345512  0.03256728  0.05293583
  0.04296261][0. 0. 0. 0. 0. 0. 0.][ 0.0761233  -0.07710001 -0.06444915 -0.04869318 -0.02495157  0.04668745
  0.05652297][ 0.06562606 -0.05550162 -0.0306567   0.06491795 -0.00010081 -0.05476263
 -0.07994837][-0.01162931 -0.08307061 -0.09963167  0.08370171 -0.07482895  0.00421769
 -0.04517797][ 0.034799    0.07828687  0.00273035 -0.0759095  -0.04347712 -0.07404885
  0.03097547][-0.09795091  0.00312384  0.09015111 -0.08251029 -0.08675122  0.07826518
 -0.03626699][-0.08519918  0.09233964  0.07504481 -0.09649544 -0.00718373  0.07957897
  0.05491016][-0.04884475 -0.09727918 -0.08923984 -0.09607445 -0.05687377 -0.09116743
  0.0437476 ][-0.02790939  0.00577226  0.09619671  0.00082601 -0.00109539  0.02009843
 -0.04934509][ 0.08373374 -0.01718702 -0.08518308  0.08104318  0.03064214 -0.04221096
  0.05830958][-0.04613535  0.04640316 -0.07720531  0.05645074 -0.0875644   0.09341852
  0.09526122][-0.07967183 -0.05686712  0.08581606  0.03833978 -0.02505592  0.0130193
  0.00183188][-0.01636337  0.09934945 -0.07163028  0.01608147  0.06270286 -0.0501933
 -0.01943751][ 0.01414201 -0.05087152  0.09855136 -0.08115727  0.0176887  -0.01992185
  0.07182451][ 0.04487527 -0.01885175 -0.0929357  -0.01290328 -0.04251432  0.08419305
  0.07652824][ 0.03277399 -0.08421861  0.07509808 -0.02710952  0.03004167 -0.0797286
 -0.09693439][ 0.05244092  0.0467923  -0.06062568 -0.08225395 -0.00185759 -0.08938219
 -0.06568857][ 0.0029811  -0.07081107 -0.09746491 -0.00264619  0.0563361  -0.02326554
  0.04797841][ 0.06151698  0.06833053  0.0422283   0.00725087 -0.00101613 -0.07676935
 -0.08536607][-0.04767031  0.08984449 -0.05450438  0.09334037 -0.05975254 -0.01813347
  0.0731311 ][ 0.02699618 -0.03171629 -0.06591956  0.00746341 -0.07123386 -0.05589617
 -0.0807141 ][ 0.08456931  0.00671166 -0.06989252  0.0304905  -0.04255925 -0.04200148
 -0.04518094][ 0.06316866  0.06914451  0.05962336  0.0601395   0.01634825 -0.00191754
 -0.00984226][ 0.09871024  0.09801096 -0.068523    0.03211318 -0.06674124 -0.00763483
  0.04142996][-0.09495438  0.06402716  0.07176322  0.01983658  0.01172142 -0.07912038
 -0.06522983][-0.07540388  0.05541299  0.05037269  0.0613966   0.07622129 -0.05219535
 -0.07046598][-0.08534931 -0.0521007  -0.05326987 -0.02122334 -0.04384433  0.07397571
  0.03308738][-0.05546923 -0.04859995  0.09445458 -0.00380392  0.07545228  0.00768667
 -0.07645772][-0.02758879  0.02641462  0.07120383 -0.03697162 -0.07800674  0.00515071
 -0.01696927][-0.03971194  0.0822726   0.03902164 -0.01967943  0.03510351  0.01371669
 -0.02753321][ 0.02612641  0.04035883 -0.01722122  0.07268275  0.01671732 -0.00888311
 -0.09623212][-0.06524984  0.01268748 -0.00852139 -0.07707364 -0.08809821 -0.01172995
 -0.0676281 ][ 0.06049614  0.03975866  0.08876079  0.06728113  0.09606039  0.05087775
 -0.01655451][-0.0770385   0.008398   -0.09487904 -0.09768898 -0.08809835 -0.05187599
  0.00554356][ 0.02043525 -0.0621784   0.08272856 -0.07349074  0.00504002 -0.03641289
  0.09151209][-0.06457494  0.07408819 -0.06472757  0.04934159  0.09996879 -0.01546336
  0.06494454][ 0.08765372  0.06981068 -0.0920103  -0.02855149  0.08061805 -0.04713714
  0.04758004][-0.01415979  0.02225386  0.07317068 -0.09770195  0.04550608  0.08089212
  0.09184962][ 0.09058616 -0.0193784  -0.06767257  0.0783403   0.00320288  0.0111969
 -0.00314792][-0.04501882  0.01113762  0.04877528 -0.07886619 -0.09612938 -0.07129528
  0.0250924 ][-0.01803805  0.04539465 -0.02523024 -0.05445839  0.00092737 -0.01462243
  0.05669764][0. 0. 0. 0. 0. 0. 0.][0.01338828 0.07615875 0.0074416  0.01058982 0.08366613 0.09618874
 0.01772459][-0.01590879 -0.03089555 -0.06323772 -0.01178987  0.0716911  -0.00643134
 -0.02231397][-0.01266709 -0.05751835 -0.01878164  0.03747807  0.06036432  0.00241023
  0.04201755][-0.07604556  0.07181325  0.08095143 -0.07609666  0.09641986 -0.02453747
  0.05021517][-0.04645824  0.03051888  0.08164865 -0.07770565 -0.04545568 -0.06285539
 -0.09577481][ 0.07853223 -0.09326512 -0.0238894  -0.02825366 -0.04630388 -0.03789251
 -0.04802453][-0.08354022 -0.03080616  0.06186097 -0.02113493  0.0477723   0.03085366
  0.03031551][-0.00823282  0.07933296  0.00408648 -0.07988019 -0.07101135 -0.07797194
  0.06793129][ 4.72675599e-02 -1.83024574e-02 -5.06185815e-02  3.83011575e-05
  9.78564620e-02 -2.25440506e-03 -3.90808992e-02][-0.05594895 -0.02756876  0.05885733  0.08827198 -0.01220617 -0.06984175
 -0.04390053][-0.02469575  0.08723073 -0.03211778 -0.02557611  0.04107955 -0.06329105
 -0.04611518][-0.0025836   0.07387982  0.07821136 -0.04917352 -0.0966064  -0.09006707
  0.04658302][-0.04465507  0.00272221 -0.07189375  0.04945899 -0.07845809  0.09421012
  0.02475358][ 0.04259569  0.00316552 -0.0626434  -0.08146417 -0.02204432  0.06088308
  0.03496602][-0.00209623  0.0245688   0.09166094  0.07912145 -0.00429951 -0.03688601
  0.02623871][ 0.0039396  -0.06602415 -0.02221234  0.06627896  0.00669771  0.0836743
  0.04496444][ 0.02407438 -0.08427034  0.09364721 -0.09627527 -0.08183135 -0.06205141
  0.08847172][-0.09550613 -0.00865555  0.02735775 -0.01037685 -0.05793231 -0.08505931
  0.06510595][-0.04796195  0.07544921  0.06721598 -0.07550969 -0.08739015 -0.05578169
 -0.0465549 ][ 0.01794666  0.098354    0.0128192  -0.05859744 -0.08985942  0.04204941
 -0.0885374 ][ 0.02486515 -0.01727431  0.08162378  0.0186839  -0.03733433  0.04911257
 -0.0275376 ][ 0.0566519  -0.07984535 -0.09457005 -0.0275706   0.01895893  0.07040066
 -0.06679688][ 0.02015796  0.08900577  0.06923734  0.04339718  0.00387963  0.01346018
 -0.01387819][ 0.01034921 -0.07363783 -0.00044417 -0.03976581  0.04819445  0.06832629
 -0.08222204][-0.05234907 -0.08888753  0.09639785 -0.07424635  0.04721142 -0.00596783
 -0.02378725][ 0.0603563   0.01965309  0.09837092  0.00070434 -0.07407282 -0.08194363
  0.04630078][ 0.07394695  0.04429294  0.07727829 -0.05119293 -0.08953514 -0.038831
  0.00691205][-0.00424848 -0.06150548 -0.08130039 -0.07430048  0.06617947  0.05744158
 -0.09559328][-0.05429361  0.0119187   0.03295606  0.03811707  0.08902965 -0.03222722
 -0.04807043][-0.03385844 -0.067227   -0.05110791  0.00339925  0.07968514  0.01200489
  0.04710907][-0.03960155 -0.03938979 -0.0591804  -0.03008212 -0.02832451 -0.07317214
  0.06361312][-0.03412981 -0.07348904 -0.00151719 -0.00748618 -0.09152917  0.05048291
 -0.08201662][-0.00347357 -0.06109622 -0.03115399 -0.08486675  0.03711046 -0.0170343
  0.02796327][ 0.03924345  0.00862677 -0.01297348 -0.07306831 -0.04839721 -0.04777561
  0.02107676][-0.06513128  0.08578609 -0.00780402 -0.02853462 -0.09501024 -0.09620947
  0.09417694][-0.0772898   0.02891845 -0.00870749 -0.06417736 -0.02158865 -0.09598501
 -0.04954521][ 0.00523954  0.06674924  0.06094211 -0.03779705  0.07100764  0.00699434
 -0.02028397][-0.00578467 -0.07945141  0.05859858  0.01629758 -0.0984929   0.0170391
  0.03797663][0.03233797 0.09503975 0.00095379 0.05417583 0.05043239 0.05743929
 0.05826518][ 0.05558168 -0.02316747  0.0407683  -0.0979176  -0.06445756  0.00219181
  0.07680891][-0.04776204 -0.06864777  0.03782966  0.03876548 -0.00729264 -0.0781893
 -0.02226586][-0.02574659 -0.0573417  -0.03073794  0.080625    0.0922384  -0.08549994
 -0.08934029][ 0.07518917 -0.01663489 -0.08823001 -0.06038104  0.02855919  0.09116688
 -0.00918759][-0.03228425  0.02941209  0.03473441  0.03659175 -0.08348832  0.05127754
 -0.06978408][ 0.06947711  0.02783065 -0.07692041 -0.04299415  0.02244231  0.08365323
 -0.00113527][ 0.05877102 -0.02268198  0.09510249  0.04327181 -0.0004818  -0.09643231
  0.06749637][-0.09712822  0.07249529 -0.04360249 -0.02991973 -0.07380135 -0.07353521
  0.02980218][-0.0784702   0.0645559   0.06477175 -0.09951934  0.09540643 -0.07975458
 -0.07058067][ 0.0084845  -0.00748999  0.06529295 -0.08938682 -0.07403513  0.03417962
  0.01614691][-0.05628243  0.09928816  0.0024588   0.04280532 -0.00447723 -0.06669129
  0.08100167][ 0.08194207 -0.08830255 -0.07692232 -0.07414187  0.0016813   0.00036288
  0.06236953][-0.02563112 -0.06844957  0.08125079  0.07859751 -0.09981487 -0.05480413
  0.00215184][-0.08047157  0.08417957  0.03522445  0.0360235  -0.08370142 -0.03445598
  0.08255967][ 0.0600925   0.05779783  0.01342602 -0.07347615 -0.06283668  0.08073079
 -0.02058177][-0.00300784  0.0349288   0.03991337 -0.01530894 -0.05800038 -0.00141813
 -0.03212357][-0.00479959 -0.02164021 -0.08338378  0.07941837  0.04893169 -0.00160347
  0.01663013][ 0.0545583  -0.05886381  0.06491254  0.03843581  0.05817029 -0.07236376
  0.01325452][ 0.0394256  -0.04646189 -0.07688589 -0.07236359  0.08864362  0.07583304
  0.03897308][ 0.06362525 -0.02334628 -0.00659859 -0.06120471  0.00934268  0.02765303
  0.08830821][ 0.09710068  0.06176845  0.08896407  0.00014092 -0.02790319  0.03514703
  0.06844148][-0.03718933  0.05472076 -0.01012836 -0.02743388 -0.05736824  0.01803089
 -0.06358243][-0.03882159  0.03963624 -0.02627946  0.02545339 -0.06595654 -0.0769026
  0.06562392][ 0.00252704  0.08833198  0.04731442 -0.00679357  0.07716846  0.01958333
 -0.01119908][-0.09697118 -0.05344062 -0.05429996 -0.06018582 -0.09812266  0.07856167
  0.09178924][-0.01600214  0.06752523  0.06875727  0.053805    0.02456054 -0.03927166
  0.01538068][0. 0. 0. 0. 0. 0. 0.][-0.06988704 -0.09295505 -0.05886379  0.01238708 -0.04887828  0.04187787
 -0.01623227][0. 0. 0. 0. 0. 0. 0.][ 0.06177511 -0.0213068  -0.08661619 -0.0583028   0.05153665 -0.06859908
 -0.02749857][0. 0. 0. 0. 0. 0. 0.][ 0.07062825 -0.02336112  0.06131107  0.01534901 -0.07978709  0.07859533
  0.03679645][0. 0. 0. 0. 0. 0. 0.][ 0.052006    0.01375719  0.09184972 -0.01785531  0.08559877 -0.08069587
 -0.08630437][0. 0. 0. 0. 0. 0. 0.][-0.09176028 -0.05530826 -0.01268716 -0.05793737  0.00253445  0.06886782
 -0.01655674][0. 0. 0. 0. 0. 0. 0.][ 0.04904258 -0.01337998  0.03186503  0.01878286 -0.05911987 -0.04665174
 -0.03035562][0. 0. 0. 0. 0. 0. 0.][ 0.01759413  0.01788072 -0.01906817  0.04929857 -0.01918336 -0.08261077
  0.03096543][0. 0. 0. 0. 0. 0. 0.][ 0.031522    0.05959459 -0.07882164 -0.06858778 -0.01249792 -0.01672359
  0.03898236][0. 0. 0. 0. 0. 0. 0.][-0.0386981   0.00706518 -0.0402368  -0.08438859  0.03051538  0.02315225
  0.02243107][0. 0. 0. 0. 0. 0. 0.][ 0.07760404  0.00839624  0.07158025  0.09667271 -0.05733084 -0.01744872
 -0.00709039][0. 0. 0. 0. 0. 0. 0.][-0.04480347 -0.06411639  0.09022801  0.06748325 -0.09538528  0.05847501
 -0.01916714][0. 0. 0. 0. 0. 0. 0.][ 0.05677187 -0.00899443 -0.00732496 -0.01245242  0.08152536  0.06938071
 -0.09082858][0. 0. 0. 0. 0. 0. 0.][-0.01546744  0.07961758 -0.01792124 -0.07149645 -0.02526884  0.05925906
 -0.01388449][0. 0. 0. 0. 0. 0. 0.][ 0.07309517 -0.07190607  0.00545076 -0.06372619 -0.09468997 -0.04712306
  0.033702  ][0. 0. 0. 0. 0. 0. 0.][-0.07220435  0.03440639  0.02885148  0.0099068  -0.02537539 -0.01988851
  0.08264801][0. 0. 0. 0. 0. 0. 0.][-0.06592166  0.07350649 -0.0890529   0.02035032 -0.05645691  0.08961458
  0.05970855][0. 0. 0. 0. 0. 0. 0.][-0.08397153  0.0735009  -0.06443266 -0.07461142  0.06394815 -0.0449155
 -0.0340928 ][0. 0. 0. 0. 0. 0. 0.][ 0.08129612  0.02454699 -0.03715999 -0.07288297  0.03174013  0.04889899
 -0.06639859][0. 0. 0. 0. 0. 0. 0.][ 0.04627408  0.02920486  0.01064206  0.04730061 -0.02635742 -0.01757037
 -0.05254147][0. 0. 0. 0. 0. 0. 0.][-0.03839919 -0.08200561 -0.0361975  -0.05328482 -0.00023875 -0.01606719
  0.02745908][0. 0. 0. 0. 0. 0. 0.][ 0.04048019  0.08070382 -0.05013355  0.06130551  0.07227986  0.03515564
 -0.09339733][0. 0. 0. 0. 0. 0. 0.][ 0.01091653  0.04290625  0.052501    0.04283552 -0.00278658  0.08452965
 -0.0516521 ][0. 0. 0. 0. 0. 0. 0.][ 0.07630692 -0.02356773 -0.07643992 -0.07385516 -0.03200121  0.03551872
 -0.07165521][0. 0. 0. 0. 0. 0. 0.][ 0.06884218  0.00041027  0.05071542  0.07224005  0.02487574 -0.04983477
 -0.07538462][0. 0. 0. 0. 0. 0. 0.][-0.03457233  0.05103293 -0.04813879 -0.0988106   0.08109109  0.00658626
 -0.04363304][0. 0. 0. 0. 0. 0. 0.][ 0.04951121  0.01257687  0.05232662  0.09957401  0.05399781  0.07377712
 -0.09408399][0. 0. 0. 0. 0. 0. 0.][ 0.08582661  0.02483211 -0.03612839  0.07440133 -0.04238161  0.04571696
  0.01389324][0. 0. 0. 0. 0. 0. 0.][-0.05064934  0.0749933  -0.08490813  0.05019442 -0.06187757  0.00842266
  0.05391327][0. 0. 0. 0. 0. 0. 0.][-0.09852052 -0.03108974 -0.06553886 -0.05841282  0.04504184 -0.0938997
 -0.0654008 ][0. 0. 0. 0. 0. 0. 0.][ 0.09856623  0.00670924  0.08472101 -0.00633775 -0.04279141 -0.02328756
  0.00164135][0. 0. 0. 0. 0. 0. 0.][ 0.02293471  0.01265822 -0.09218784 -0.09615101  0.03676081 -0.04941645
 -0.09857352][0. 0. 0. 0. 0. 0. 0.][-0.08430231 -0.07332195  0.02878311  0.0881682   0.00213246  0.03785957
  0.03264134][0. 0. 0. 0. 0. 0. 0.][ 0.00384532 -0.01807515 -0.09670939  0.0251343   0.07777251  0.04364754
  0.0722999 ][0. 0. 0. 0. 0. 0. 0.][ 0.06155692  0.05529928 -0.05193459  0.03432881 -0.05190669  0.03513698
  0.09794696][0. 0. 0. 0. 0. 0. 0.][ 0.07048041  0.0094519  -0.00048086 -0.01956681 -0.06391573 -0.09675814
 -0.0731316 ][0. 0. 0. 0. 0. 0. 0.][ 0.00642617 -0.04937068 -0.06923763  0.00732337  0.05708553  0.07324217
 -0.06107941][0. 0. 0. 0. 0. 0. 0.][-0.08977655  0.0908697  -0.01225119 -0.06338078 -0.00604072 -0.0065091
  0.07102811][0. 0. 0. 0. 0. 0. 0.][-0.09220558 -0.02126139  0.00148623  0.09730724  0.03160958 -0.05795479
 -0.00568152][0. 0. 0. 0. 0. 0. 0.][ 0.01807944  0.03716127 -0.06293506  0.0471233  -0.05412695 -0.01076288
  0.0263585 ][0. 0. 0. 0. 0. 0. 0.][-0.0918961   0.00205987 -0.09235425  0.05357154  0.07021969 -0.02889237
 -0.06572429][0. 0. 0. 0. 0. 0. 0.][ 0.02516373 -0.05637237  0.04077598 -0.0257279   0.00438169 -0.07576307
 -0.05946334][0. 0. 0. 0. 0. 0. 0.][-0.03440488 -0.05797305 -0.00926964  0.04589298  0.07962034  0.03668558
 -0.03849823][0. 0. 0. 0. 0. 0. 0.][ 0.01522963 -0.0997361  -0.0887611   0.07330023 -0.06789921  0.09643129
 -0.01959463][0. 0. 0. 0. 0. 0. 0.][-0.01314978 -0.04041801 -0.05841119 -0.04040006  0.06484898  0.02602804
  0.07921949][0. 0. 0. 0. 0. 0. 0.][ 0.02112553  0.03260493 -0.01445471 -0.07822239 -0.05676109  0.01943188
  0.05805015][0. 0. 0. 0. 0. 0. 0.][ 0.03395998  0.07008803  0.05702424  0.03269489 -0.02814315  0.06893255
 -0.08946566][0. 0. 0. 0. 0. 0. 0.][-0.03336947 -0.08804218 -0.04138729 -0.04625866 -0.00368218  0.06027943
  0.04640684][0. 0. 0. 0. 0. 0. 0.][ 0.03073276 -0.02034273 -0.0427131   0.03340818 -0.03736449 -0.02403187
 -0.08950876][0. 0. 0. 0. 0. 0. 0.][-0.02707797  0.08221807  0.00985115 -0.09484904 -0.04900043 -0.0344018
 -0.00166494][0. 0. 0. 0. 0. 0. 0.][ 0.03506981 -0.03849351  0.05619965  0.03960157 -0.02920281  0.07836682
  0.06300407][0. 0. 0. 0. 0. 0. 0.][ 0.09257318 -0.07218183  0.07959834 -0.00574428 -0.01505367 -0.07796342
 -0.07188354][0. 0. 0. 0. 0. 0. 0.][ 0.01970197  0.09076945  0.04161694  0.09924918  0.03707046  0.04841675
 -0.0328344 ][0. 0. 0. 0. 0. 0. 0.][ 0.06039493  0.05514465  0.08577291 -0.045575   -0.07528699 -0.07688722
 -0.00617612][0. 0. 0. 0. 0. 0. 0.][-0.04652983  0.03645355  0.00475727  0.00137495  0.01186331 -0.04363535
 -0.00451352][0. 0. 0. 0. 0. 0. 0.][-0.05163598 -0.01930182 -0.03366614  0.07529933  0.0989337   0.0760069
  0.08624032][ 0.04411679  0.06601294 -0.00056617 -0.04205967 -0.03131874  0.04327756
  0.01555761][0. 0. 0. 0. 0. 0. 0.][-0.01647925  0.01595599  0.09041993  0.03901445  0.0061735   0.00270923
  0.05889906][-0.00911996  0.03607563  0.09743988  0.08081716 -0.03398569  0.05675619
 -0.0280517 ][0. 0. 0. 0. 0. 0. 0.][ 0.02785702  0.09938283  0.00501404 -0.01089643 -0.01016077 -0.01148471
  0.02091591][0. 0. 0. 0. 0. 0. 0.][-0.06136909 -0.03752212 -0.05327597  0.0668091  -0.09590365  0.08399662
 -0.06656167][0. 0. 0. 0. 0. 0. 0.][ 0.05196909 -0.02966195  0.05119922  0.08841712  0.07226191  0.09461792
  0.07486331][0. 0. 0. 0. 0. 0. 0.][-0.00441236  0.07075689 -0.05746229 -0.01743771 -0.05700318  0.01742315
 -0.00107362][0. 0. 0. 0. 0. 0. 0.][-0.0192734  -0.08908898 -0.00772537  0.01083428  0.09817122  0.04086298
  0.04481833][0. 0. 0. 0. 0. 0. 0.][-0.08559062  0.09892071 -0.0758246   0.04050561 -0.0731476  -0.08613494
 -0.00598608][0. 0. 0. 0. 0. 0. 0.][-0.04932716 -0.09164923  0.09318965  0.0931342   0.0406968   0.07305029
 -0.03607837][0. 0. 0. 0. 0. 0. 0.][-0.07983387  0.02814219 -0.0279107   0.04959693 -0.06000313  0.03817962
  0.08180211][0. 0. 0. 0. 0. 0. 0.][-0.05032922 -0.05664868  0.01880857 -0.09214275 -0.04022795  0.06526232
  0.07264844][ 0.02501735  0.06451201 -0.04351566 -0.03233852 -0.02559653 -0.00216103
 -0.04512696][0. 0. 0. 0. 0. 0. 0.][ 0.09716442  0.08194292  0.07464433  0.02841952 -0.09720089  0.04813814
  0.0793852 ][0. 0. 0. 0. 0. 0. 0.][-0.00077196 -0.0412014  -0.04771492  0.09159077 -0.09594187  0.07734563
 -0.03083639][0. 0. 0. 0. 0. 0. 0.][ 0.05855978  0.05064672  0.05708352 -0.06594907  0.04423944  0.05184367
  0.0306411 ][0. 0. 0. 0. 0. 0. 0.][ 0.04774233 -0.04629267  0.05162931  0.07513046  0.01075306 -0.05145161
  0.07430509][0. 0. 0. 0. 0. 0. 0.][-0.07789622  0.04646334  0.06586862  0.01715886 -0.01517674  0.08097628
  0.09064806][0. 0. 0. 0. 0. 0. 0.][ 0.05343098  0.00932829  0.05148621 -0.07095592 -0.06861245 -0.0982857
 -0.0486405 ][0. 0. 0. 0. 0. 0. 0.][-0.02393963  0.0691397  -0.01555648  0.00060618 -0.0037994   0.0130412
  0.0944231 ][0. 0. 0. 0. 0. 0. 0.][-0.04497969  0.04929659  0.02366197 -0.00748752 -0.04551099  0.03099616
  0.01825335][0. 0. 0. 0. 0. 0. 0.][-0.01024979 -0.03610819 -0.01422119  0.03466244  0.06653146  0.02037908
 -0.0039489 ][0. 0. 0. 0. 0. 0. 0.][-0.05774688 -0.03967277 -0.01186017 -0.07110997 -0.0539919   0.06946878
 -0.04934119][0. 0. 0. 0. 0. 0. 0.][-0.01145293 -0.040877   -0.06803735  0.08702824 -0.00375269 -0.02902467
 -0.02264174][0. 0. 0. 0. 0. 0. 0.][-0.0862864  -0.09517565  0.05532572  0.07097208 -0.05835891 -0.04186188
 -0.01734531][0. 0. 0. 0. 0. 0. 0.][ 0.05306746  0.03541783  0.06298012 -0.02031424  0.0533528  -0.05533424
 -0.07363334][-0.03953495  0.05231049  0.01642251 -0.08338635 -0.03606234 -0.02568279
  0.07813878][0. 0. 0. 0. 0. 0. 0.][-0.05228831 -0.04069392  0.0385651  -0.00512368  0.05008328 -0.07064012
 -0.05410518][0. 0. 0. 0. 0. 0. 0.][-0.00677533  0.00432457  0.05462937 -0.08464931 -0.0473425  -0.02528904
 -0.02565018][0. 0. 0. 0. 0. 0. 0.][-0.05807452  0.02748823 -0.02804102  0.01212736  0.0972539  -0.09623574
  0.0337227 ][ 0.07859481 -0.03003522 -0.07599849 -0.07670607 -0.03200101 -0.02034213
 -0.07598014][0. 0. 0. 0. 0. 0. 0.][ 0.03421565 -0.07079643  0.0970103  -0.02668972 -0.02016114  0.0269917
  0.0789803 ][0. 0. 0. 0. 0. 0. 0.][ 0.06392931  0.07831293  0.05531021 -0.09571885 -0.09906422  0.08822564
  0.01903311][ 0.07887433  0.03609173 -0.05786267 -0.02453702  0.06904078  0.0913951
 -0.05928021][0. 0. 0. 0. 0. 0. 0.][-0.0530126  -0.09690264  0.08297311 -0.00514174  0.00543575  0.03420254
  0.02490142][0. 0. 0. 0. 0. 0. 0.][ 0.04387172  0.01700997 -0.07657345  0.06572232 -0.01683345 -0.06211319
  0.08495872][0. 0. 0. 0. 0. 0. 0.][-0.01599469 -0.01480516 -0.01297369 -0.00552008 -0.06732022 -0.02392028
 -0.07948092][0. 0. 0. 0. 0. 0. 0.][-0.07917462 -0.02221573  0.04510628 -0.02587016  0.0833641   0.01932839
 -0.08901131][0. 0. 0. 0. 0. 0. 0.][-0.03899438 -0.0187175  -0.06404438  0.0589175   0.03031617 -0.08506864
  0.06573361][0. 0. 0. 0. 0. 0. 0.][-0.05327944 -0.07976696  0.04812148  0.01278222  0.09165201 -0.00056456
  0.04950858][0. 0. 0. 0. 0. 0. 0.][-0.05272968  0.07127358  0.02024993 -0.04998337  0.04091233 -0.08348232
 -0.02222693][0. 0. 0. 0. 0. 0. 0.][ 0.09035742  0.06354755  0.04144332 -0.08967701  0.04426562  0.08360179
 -0.09384699][0. 0. 0. 0. 0. 0. 0.][-0.01105603 -0.05664927  0.03596103 -0.02923517  0.07364018 -0.07491226
  0.03151903][0. 0. 0. 0. 0. 0. 0.][-0.00030757  0.05554802 -0.02417521 -0.03743151 -0.07147848 -0.08884187
 -0.04034246][0. 0. 0. 0. 0. 0. 0.][ 0.08942888  0.00664673 -0.08672748 -0.09557829 -0.03548011 -0.04417926
 -0.08086841][0. 0. 0. 0. 0. 0. 0.][ 0.05757358 -0.08369453 -0.02304538 -0.04672237  0.05519201  0.07700746
 -0.06426189][0. 0. 0. 0. 0. 0. 0.][-0.0222531  -0.07616413 -0.05777163 -0.02280472  0.0744452  -0.08116979
  0.01632048][0. 0. 0. 0. 0. 0. 0.][ 0.05561627 -0.00932211  0.05038738  0.08588744 -0.06561226 -0.02010598
  0.05376887][0. 0. 0. 0. 0. 0. 0.][ 0.05672445  0.06703306  0.09901884  0.00042943 -0.01255531 -0.08840589
 -0.07613811][0. 0. 0. 0. 0. 0. 0.][ 0.01181169 -0.01864018 -0.08608805 -0.02367563  0.01414962 -0.03982977
 -0.02547089][0. 0. 0. 0. 0. 0. 0.][ 0.06282962 -0.07489073 -0.06993469  0.00688414  0.01663241  0.03367105
 -0.05219198][0. 0. 0. 0. 0. 0. 0.][-0.04027081  0.01518981  0.05581142 -0.02223633  0.00233318 -0.04611208
 -0.01057924][0. 0. 0. 0. 0. 0. 0.][0.01043059 0.04628427 0.03100291 0.0572639  0.08130118 0.03968713
 0.01895914][0. 0. 0. 0. 0. 0. 0.][-0.03379217 -0.05717869 -0.02393764  0.00732603  0.05812708  0.08573291
 -0.08410417][0. 0. 0. 0. 0. 0. 0.][-0.08024044  0.02792073  0.00604912 -0.06268551  0.09135469  0.0330969
  0.07463986][0. 0. 0. 0. 0. 0. 0.][-0.07509308  0.0090636   0.07139647 -0.00138668 -0.01661425  0.06635671
 -0.07629954][0. 0. 0. 0. 0. 0. 0.][-0.03635313 -0.08558913  0.01602075  0.09050834  0.0534494  -0.09772441
 -0.0105581 ][0. 0. 0. 0. 0. 0. 0.][ 0.03191175 -0.05584124 -0.01184357 -0.00955361 -0.00680974 -0.01548495
  0.04505904][0. 0. 0. 0. 0. 0. 0.][-0.07324203  0.0662871   0.02131297 -0.0997388   0.06790441 -0.0337695
 -0.08505736][0. 0. 0. 0. 0. 0. 0.][ 0.08474586  0.03672159  0.06111943 -0.05447183  0.05321356  0.01975968
  0.01474784][0. 0. 0. 0. 0. 0. 0.][-0.05568073 -0.06483222 -0.02290566  0.01834137  0.00178249  0.00526753
  0.01102461][0. 0. 0. 0. 0. 0. 0.][ 0.0991604   0.06917146 -0.02684487  0.05169139  0.04903467 -0.02905216
 -0.09642775][0. 0. 0. 0. 0. 0. 0.][ 0.09141871  0.02189906  0.0626397   0.06642651  0.09260758 -0.07202536
 -0.09779152][0. 0. 0. 0. 0. 0. 0.][ 0.04120355  0.08281682 -0.0470778  -0.02679382  0.04744658  0.08660164
  0.00284277][0. 0. 0. 0. 0. 0. 0.][-0.01734905 -0.03650443 -0.09836105 -0.06223921 -0.03434508  0.02952915
 -0.07636376][0. 0. 0. 0. 0. 0. 0.][-0.07857347 -0.01947984 -0.03768985 -0.09288989  0.02734753 -0.03487871
  0.0525503 ][0. 0. 0. 0. 0. 0. 0.][ 0.00062868  0.09819593 -0.07731674  0.05741723  0.06563496  0.0630841
  0.00268633][0. 0. 0. 0. 0. 0. 0.][-0.04265078  0.04592106 -0.04445167  0.03465808  0.01472555 -0.00476051
  0.04479951][0. 0. 0. 0. 0. 0. 0.][-0.09663536  0.07886903 -0.08301263 -0.03037793  0.08050325  0.06540355
  0.02429825][0. 0. 0. 0. 0. 0. 0.][ 0.00264315 -0.07717863  0.08700366 -0.01346907  0.04893126  0.00121625
 -0.01177269][0. 0. 0. 0. 0. 0. 0.][-0.08037473  0.01567476  0.00504627 -0.01503192  0.03621279 -0.03700064
 -0.07772318][0. 0. 0. 0. 0. 0. 0.][ 0.08378617  0.0075878   0.08240608  0.05257782 -0.06209381 -0.07025296
 -0.08258714][0. 0. 0. 0. 0. 0. 0.][0.02673348 0.01399687 0.00239537 0.00031777 0.02436167 0.03281151
 0.04208606][0. 0. 0. 0. 0. 0. 0.][ 0.00802605 -0.06151583  0.02116252  0.04027965  0.04512374  0.05334941
 -0.07315911][0. 0. 0. 0. 0. 0. 0.][ 0.04132262  0.02539685 -0.08430787 -0.08223955 -0.02384989  0.05929036
 -0.08558299][0. 0. 0. 0. 0. 0. 0.][-0.02828647  0.04900793 -0.08834534  0.00811022  0.0784578  -0.0023961
 -0.07700262][ 0.00469995 -0.08353108 -0.06760425  0.02800775 -0.02420216  0.00410194
 -0.04669589][0. 0. 0. 0. 0. 0. 0.][-0.06291445 -0.02412209 -0.05697575  0.07679544  0.03506904  0.04194544
  0.00819349][0. 0. 0. 0. 0. 0. 0.][ 0.03668771 -0.032012   -0.07858759 -0.08012694  0.05197928 -0.04072287
  0.03087163][0. 0. 0. 0. 0. 0. 0.][-0.05478808 -0.02717349 -0.03570718 -0.01264522 -0.06532253  0.0814655
 -0.03798666][0. 0. 0. 0. 0. 0. 0.][ 0.04610298 -0.04478103  0.07149876 -0.00062649  0.06936709  0.0070881
  0.03063988][0. 0. 0. 0. 0. 0. 0.][-0.06847807  0.04770286 -0.00311765  0.09710366 -0.0594982   0.07112064
  0.01203596][0. 0. 0. 0. 0. 0. 0.][-0.06374007  0.0796376   0.02376263  0.03746399 -0.05983539 -0.08100802
  0.05924248][0. 0. 0. 0. 0. 0. 0.][-0.06117778  0.00777373 -0.09153349 -0.05507461 -0.02828217  0.03848222
  0.05257023][0. 0. 0. 0. 0. 0. 0.][-0.0527803   0.08828767  0.09901191 -0.03065733  0.0165951  -0.02668422
  0.08017651][0. 0. 0. 0. 0. 0. 0.][-0.06642964  0.04155773  0.06615256  0.03503766 -0.08565912  0.0621907
 -0.01088609][0. 0. 0. 0. 0. 0. 0.][-0.02148776 -0.0915239   0.00631443  0.03094495  0.05379769 -0.03457446
  0.04133468][0. 0. 0. 0. 0. 0. 0.][ 0.06702504 -0.07121806  0.05544607 -0.0032079   0.06351316 -0.08213601
  0.09389485][0. 0. 0. 0. 0. 0. 0.][ 0.05408636  0.0190898  -0.07469283  0.06586502 -0.04086289 -0.00513949
  0.03415717][0. 0. 0. 0. 0. 0. 0.][-0.05627784 -0.02785353 -0.00500172 -0.01220616  0.03981666 -0.0707647
 -0.02068602][0. 0. 0. 0. 0. 0. 0.][ 0.05240086 -0.06726341 -0.0152674  -0.06925859  0.06806054  0.07622349
  0.04157223][0. 0. 0. 0. 0. 0. 0.][-0.0402307   0.08672138  0.08100903  0.0053386  -0.00655376 -0.09979452
  0.06813379][0. 0. 0. 0. 0. 0. 0.][-0.0049905  -0.09829915  0.02339873  0.00831044  0.07826009 -0.00841217
  0.00801991][-0.07822262 -0.03713828  0.04600053  0.07656144  0.0212082   0.01791419
 -0.09150281][0. 0. 0. 0. 0. 0. 0.][-0.04476223  0.04052914 -0.03304393 -0.06854755 -0.07062174 -0.0814729
 -0.0030364 ][0. 0. 0. 0. 0. 0. 0.][ 0.0158803  -0.07677446  0.07236075  0.03582461  0.05944053 -0.09139825
  0.06405655][-0.03409148 -0.06710243 -0.00212902 -0.0947453   0.09678854  0.08287355
 -0.08133425][0. 0. 0. 0. 0. 0. 0.][ 0.01624938 -0.08291195  0.09254471 -0.03119761 -0.03041712  0.00144484
 -0.01659697][0. 0. 0. 0. 0. 0. 0.][ 0.01464888 -0.01007881  0.00824187  0.08537613 -0.05347645 -0.08372158
 -0.07923232][0. 0. 0. 0. 0. 0. 0.][ 0.08781224  0.04811713 -0.02031506  0.04801531  0.08890062 -0.00462433
  0.03733054][0. 0. 0. 0. 0. 0. 0.][ 0.04675153  0.02224554 -0.00955728  0.09238837 -0.07061479 -0.0506587
  0.04250789][0. 0. 0. 0. 0. 0. 0.][-0.01983853  0.02909685 -0.03286876  0.02784516 -0.09528059 -0.0863487
  0.01143623][0. 0. 0. 0. 0. 0. 0.][ 0.06245485 -0.05841934 -0.04230651 -0.06974947 -0.09855374 -0.05198431
 -0.0564364 ][0. 0. 0. 0. 0. 0. 0.][ 0.08428408 -0.09402348  0.02613585 -0.03164674  0.00296163 -0.06677212
 -0.041312  ][0. 0. 0. 0. 0. 0. 0.][-0.01041594  0.04353952 -0.09193951 -0.09191278  0.02515934 -0.06045745
 -0.09208654][0. 0. 0. 0. 0. 0. 0.][-0.04161608  0.0183962  -0.05744146  0.01073853  0.09164562 -0.08724599
  0.03387697][0. 0. 0. 0. 0. 0. 0.][-0.09233482 -0.07327136 -0.08056153  0.0533447  -0.00467351  0.02055998
 -0.03504073][0. 0. 0. 0. 0. 0. 0.][-0.00212442  0.00805266  0.05377311 -0.09921333  0.00487421 -0.04176383
 -0.06214252][0. 0. 0. 0. 0. 0. 0.][ 0.05044416 -0.09506776 -0.06439806  0.08620511 -0.07351361  0.03309115
 -0.08890064][0. 0. 0. 0. 0. 0. 0.][-0.0763764   0.04766349 -0.01945025  0.0317577  -0.09848297 -0.02746391
 -0.06605773][0. 0. 0. 0. 0. 0. 0.][ 0.06370509 -0.09057889  0.00505538 -0.0105629  -0.04908437  0.0574316
 -0.00918952][0. 0. 0. 0. 0. 0. 0.][ 0.08440848 -0.00498834  0.02682952  0.02453014  0.03886496 -0.06263192
 -0.00362892][0. 0. 0. 0. 0. 0. 0.][ 0.01484509 -0.0443361  -0.06942154  0.08946625 -0.05505299 -0.05370475
 -0.01194825][0. 0. 0. 0. 0. 0. 0.][-0.0690591  -0.07835574  0.03711781  0.00490303  0.09638669  0.00990812
  0.04989151][0. 0. 0. 0. 0. 0. 0.][-0.0986774  -0.01436294 -0.0550384  -0.09500505  0.06042653  0.04666455
  0.05280927][0. 0. 0. 0. 0. 0. 0.][ 0.00254603 -0.02691231 -0.07176981 -0.05309864  0.09666841  0.00296455
 -0.09744165][0. 0. 0. 0. 0. 0. 0.][ 0.01653998  0.01544281 -0.03165269 -0.01483261  0.02088094  0.09768014
  0.06880715][0. 0. 0. 0. 0. 0. 0.][0.04220079 0.06819807 0.04004622 0.08619608 0.07938005 0.06731276
 0.02358804][-0.00519289  0.01825237  0.09311711  0.00126716 -0.03148811 -0.00082429
  0.06525908][0. 0. 0. 0. 0. 0. 0.][ 0.02243462  0.09377151  0.01072148  0.01856916  0.01365528  0.00274383
 -0.02374667][0. 0. 0. 0. 0. 0. 0.][ 0.00668724  0.00642706  0.00923052 -0.02393959 -0.0245634   0.07337332
  0.03596158][0. 0. 0. 0. 0. 0. 0.][ 0.02294076 -0.00491762  0.0265122   0.09720532 -0.01788218  0.0558107
 -0.05371335][0. 0. 0. 0. 0. 0. 0.][-0.01505577  0.00484247  0.09600926  0.02950169 -0.03999483  0.05706884
  0.06051065][ 0.01847529  0.04925311  0.01110797 -0.02294721  0.08559497 -0.032191
 -0.01482915][0. 0. 0. 0. 0. 0. 0.][-0.09901808 -0.03531062  0.09465957  0.07931951 -0.02821724 -0.01813188
 -0.00799857][0. 0. 0. 0. 0. 0. 0.][ 0.05967697  0.0536504   0.08356492  0.00187681  0.05160014 -0.07290305
  0.08814774][0. 0. 0. 0. 0. 0. 0.][-0.05261029 -0.07140051 -0.04420514 -0.04836514  0.01561507 -0.02576116
  0.02898517][0. 0. 0. 0. 0. 0. 0.][ 0.03155852  0.05548136  0.02182491  0.00252287 -0.04700441  0.06080186
 -0.04066204][0. 0. 0. 0. 0. 0. 0.][-0.04984114  0.00444441  0.07608887  0.05683978 -0.02074961  0.07920974
 -0.07282139][0. 0. 0. 0. 0. 0. 0.][-0.08088166 -0.08190066  0.07765507 -0.03219226 -0.01160768  0.06915256
 -0.09070247][0. 0. 0. 0. 0. 0. 0.][ 0.07026235  0.03242388  0.09479583 -0.00011008  0.04546713 -0.01003526
  0.0876626 ][0. 0. 0. 0. 0. 0. 0.][ 0.06790302 -0.08018489 -0.02946435 -0.07992942  0.00207298 -0.02835134
 -0.04682511][0. 0. 0. 0. 0. 0. 0.][-0.03765639 -0.06301774 -0.04627682  0.04745503  0.05668494  0.03038614
  0.05090008][0. 0. 0. 0. 0. 0. 0.][ 0.06967799 -0.02848945  0.06601616  0.00754398 -0.02152044  0.05897061
 -0.03745149][0. 0. 0. 0. 0. 0. 0.][-0.03927831  0.00484495  0.05691576 -0.02000485 -0.05172454 -0.07021488
 -0.00247318][ 0.02372057  0.04348866  0.04454504  0.03172038 -0.09929434 -0.09612413
  0.07014842][0. 0. 0. 0. 0. 0. 0.][-0.00011788 -0.03220434  0.01388391  0.05822058 -0.00179903 -0.05998239
 -0.00838182][0. 0. 0. 0. 0. 0. 0.][ 0.00903314 -0.04159436 -0.02496394  0.06999103 -0.02661402 -0.0107656
 -0.03306522][0. 0. 0. 0. 0. 0. 0.][ 0.0431645   0.07562549 -0.03306562 -0.0399543  -0.07956055  0.06684607
  0.07803456][0. 0. 0. 0. 0. 0. 0.][-0.06174767  0.04809     0.05745791 -0.08286081 -0.01175292  0.00651181
 -0.07230391][-0.05976634 -0.02338683  0.02237779  0.08456156  0.08666591  0.00528417
  0.02939222][-0.0773509  -0.07819614 -0.04457312  0.01921112 -0.06523506  0.08958078
 -0.09169   ][0. 0. 0. 0. 0. 0. 0.][ 0.06542224 -0.04457246  0.00123322  0.0183663   0.03656839  0.05009887
  0.01347485][-0.08967826  0.01505574 -0.0416563  -0.04402126 -0.02954712 -0.0800888
 -0.00446073][0. 0. 0. 0. 0. 0. 0.][ 0.08705463  0.04638153  0.03325343 -0.03766282 -0.02765482 -0.01595497
 -0.01633766][0. 0. 0. 0. 0. 0. 0.][-0.06539992  0.07109828  0.04955008  0.0056746   0.07075514  0.06220905
  0.08666501][0. 0. 0. 0. 0. 0. 0.][-0.0878441  -0.00632272  0.03941849 -0.01892107 -0.02353611 -0.00492663
  0.09304318][0. 0. 0. 0. 0. 0. 0.][ 0.06716489 -0.080992    0.01422021 -0.09222385 -0.06176171  0.07488114
 -0.09284299][0. 0. 0. 0. 0. 0. 0.][-0.04118472 -0.00693379  0.03581476  0.00735455 -0.03009517 -0.01355377
 -0.0463081 ][ 0.09169064 -0.07981769  0.07324895  0.0266857   0.05857292 -0.04520142
  0.08966852][0. 0. 0. 0. 0. 0. 0.][ 0.01641843  0.01168549  0.01998776  0.02617742 -0.0124528   0.01038169
  0.05892804][0. 0. 0. 0. 0. 0. 0.][ 0.05631946 -0.02676968 -0.07826672 -0.07271571 -0.05905803 -0.03624356
 -0.00569396][0. 0. 0. 0. 0. 0. 0.][-0.01261638  0.01000611  0.04757528  0.06870285 -0.06966104 -0.07956395
 -0.02143149][0. 0. 0. 0. 0. 0. 0.][-0.00525662 -0.08921397  0.04156489 -0.09662537 -0.08959302  0.01068268
 -0.04688314][0. 0. 0. 0. 0. 0. 0.][-0.00634075 -0.0921208   0.08079217 -0.04537053  0.01169082  0.02643428
 -0.00346144][0. 0. 0. 0. 0. 0. 0.][ 0.00135992  0.08484081 -0.01092184 -0.06487646 -0.01963898 -0.05198823
  0.0774868 ][-0.06925391 -0.06424051  0.09719687  0.05764947  0.0872804  -0.05520109
  0.02545026][0. 0. 0. 0. 0. 0. 0.][ 0.08970582 -0.03472757  0.07321129  0.02830131  0.00546163  0.01259952
  0.01780763][0. 0. 0. 0. 0. 0. 0.][-0.00681709 -0.02982802  0.09596658 -0.05502244 -0.00274244  0.07253961
 -0.03278309][0. 0. 0. 0. 0. 0. 0.][-0.06323324  0.09306463  0.09236721  0.05710486  0.01192311 -0.02443301
 -0.02811378][0. 0. 0. 0. 0. 0. 0.][ 0.09519632  0.06456713 -0.00399111  0.03742019 -0.0467515   0.04126347
  0.08046237][0. 0. 0. 0. 0. 0. 0.][ 0.08348989 -0.07282941 -0.07659602 -0.09702384  0.00642719  0.08882049
  0.03925383][0. 0. 0. 0. 0. 0. 0.][ 0.04490182  0.02118201 -0.0031235  -0.08494394 -0.09721908 -0.01003511
  0.04388144][0. 0. 0. 0. 0. 0. 0.][ 0.02338442 -0.01137123  0.07916013 -0.07854722 -0.09612355  0.05593541
 -0.05052985][0. 0. 0. 0. 0. 0. 0.][-0.06788344  0.00545144  0.01571843 -0.00564884 -0.07567792  0.0668732
 -0.01169426][0. 0. 0. 0. 0. 0. 0.][-0.00725583 -0.01475222  0.0172506  -0.01529388  0.09616213  0.08986638
  0.04050493][-0.06438242 -0.07595994 -0.09955464  0.03817433 -0.0174296   0.08528382
  0.05700167][0. 0. 0. 0. 0. 0. 0.][ 0.09996108  0.03391964  0.03375466  0.0215378  -0.05826921  0.03408484
 -0.00776358][0. 0. 0. 0. 0. 0. 0.][ 0.08123194 -0.05785235 -0.03983884  0.05583485  0.08577629  0.00457921
 -0.0991291 ][0. 0. 0. 0. 0. 0. 0.][-0.04955925 -0.09934104  0.08079744  0.07114907  0.01647234 -0.03049117
  0.02654561][0. 0. 0. 0. 0. 0. 0.][-0.03134292 -0.00888188 -0.01434426 -0.066462   -0.07646216 -0.04948
  0.02885627][0. 0. 0. 0. 0. 0. 0.][ 0.04480975  0.04258487 -0.07447321  0.06761302 -0.05719338 -0.09371268
  0.05892068][0. 0. 0. 0. 0. 0. 0.][-0.03387677  0.0150653   0.0039615  -0.02903487  0.02664076  0.04252161
 -0.00788264][0. 0. 0. 0. 0. 0. 0.][-0.0929947   0.09991779 -0.09546569 -0.05049844  0.00309966 -0.06315222
  0.07577091][0. 0. 0. 0. 0. 0. 0.][-0.0845992  -0.04332853 -0.05172959 -0.05846212 -0.07432736  0.00764005
  0.03081117][0. 0. 0. 0. 0. 0. 0.][ 0.09459621  0.03041449 -0.02286132 -0.06895225  0.09842673 -0.08704019
 -0.05970626][0. 0. 0. 0. 0. 0. 0.][-0.04305324 -0.0283902  -0.05980947  0.08464937 -0.01857342  0.0884906
 -0.06961523][0. 0. 0. 0. 0. 0. 0.][ 0.09270226 -0.00669992  0.08054934 -0.08314376  0.06019656 -0.07807076
 -0.0671504 ][0. 0. 0. 0. 0. 0. 0.][-0.01443905  0.09342305 -0.00722494 -0.04182442 -0.02995315  0.0739831
 -0.04078291][0. 0. 0. 0. 0. 0. 0.][-0.07062354 -0.06364325  0.07773497 -0.00586247 -0.00925876 -0.09015428
 -0.08052343][0. 0. 0. 0. 0. 0. 0.][-0.03105412 -0.09807415  0.02777033 -0.08186177 -0.03365558  0.01051287
 -0.07338387][0. 0. 0. 0. 0. 0. 0.][-0.05320711  0.00637526 -0.09340877 -0.03694357 -0.08807751 -0.01100366
  0.02116675][0. 0. 0. 0. 0. 0. 0.][ 0.03551015 -0.01968274 -0.0137598  -0.01550385 -0.09401971  0.01790942
 -0.03570517][0. 0. 0. 0. 0. 0. 0.][ 0.03394711 -0.04317471 -0.00278577 -0.04090291 -0.00658879  0.07184388
  0.04748285][-0.05480829 -0.0617407  -0.02274738  0.0623242  -0.02356905  0.09294313
  0.05513325][0. 0. 0. 0. 0. 0. 0.][ 0.05987746 -0.05937241 -0.03938488  0.02712405  0.04625262  0.08454782
 -0.08418634][0. 0. 0. 0. 0. 0. 0.][-0.0138784  -0.02938938 -0.03089516  0.06093739  0.05002626  0.07727957
  0.01325806][0. 0. 0. 0. 0. 0. 0.][ 0.00993525 -0.03928436 -0.01161224  0.03631745  0.05815007 -0.01073865
  0.07892743][0. 0. 0. 0. 0. 0. 0.][-0.09900771  0.02606365  0.0762521   0.0794171   0.07476856  0.09316567
  0.01358832][0. 0. 0. 0. 0. 0. 0.][-0.0479841  -0.04299428 -0.09753424 -0.09239925 -0.00997543 -0.05194541
 -0.05410965][0. 0. 0. 0. 0. 0. 0.][-0.09575845 -0.08016238 -0.03533029 -0.07434933  0.03640291 -0.04142306
  0.00757017][ 0.02503794  0.09150107  0.08173405 -0.0460663   0.08980034  0.0838458
 -0.03943294][0. 0. 0. 0. 0. 0. 0.][ 0.08338436  0.07517148  0.0040148   0.09998806  0.01485525  0.02448306
 -0.0381573 ][-0.0954475  -0.07028089 -0.0183263  -0.04605843 -0.05075048  0.06084572
 -0.09781218][0. 0. 0. 0. 0. 0. 0.][ 0.07543746  0.04041407 -0.04357085 -0.0780655   0.02335949 -0.00948207
  0.0913967 ][0. 0. 0. 0. 0. 0. 0.][-0.03316151  0.01914538  0.07492653 -0.08122776 -0.08612882  0.02228281
  0.07784934][-0.06777699  0.01629135 -0.06218804  0.04181665 -0.09375719 -0.0133413
 -0.00588538][0. 0. 0. 0. 0. 0. 0.][ 0.05321227  0.00523791  0.05937786 -0.0202147   0.00987936  0.09309596
 -0.01792218][0. 0. 0. 0. 0. 0. 0.][-0.03109746  0.07318312 -0.05669951  0.04544393  0.05339817 -0.01114863
 -0.08445884][0. 0. 0. 0. 0. 0. 0.][ 0.07115402 -0.00302311 -0.08456942 -0.02367353  0.08931354 -0.05934647
 -0.06577207][0. 0. 0. 0. 0. 0. 0.][-0.044739    0.09920035 -0.06419209 -0.08213674 -0.04382259 -0.05778582
 -0.05727576][0. 0. 0. 0. 0. 0. 0.][-0.08557957  0.07566213  0.00274794  0.03717838 -0.00354465  0.01405776
 -0.05338508][0. 0. 0. 0. 0. 0. 0.][-0.01664999  0.05414766  0.01650867 -0.01751723 -0.07082316  0.00830356
  0.08181174][0. 0. 0. 0. 0. 0. 0.][ 0.05957897  0.03627527 -0.0783884   0.04122152 -0.0831043  -0.09438314
 -0.05078756][0. 0. 0. 0. 0. 0. 0.][ 0.09685113 -0.01894555 -0.0595268  -0.04117443 -0.04060597  0.05593583
 -0.09439512][0. 0. 0. 0. 0. 0. 0.][ 0.094955    0.04073159  0.08579163 -0.09895898 -0.05194642  0.04688212
 -0.05770471][0. 0. 0. 0. 0. 0. 0.][-0.06797702 -0.06185677  0.06485675  0.05390953 -0.0514877   0.04323919
 -0.08238607][0. 0. 0. 0. 0. 0. 0.][ 0.02658238  0.09321845 -0.00092039  0.05177386  0.04348303 -0.00757621
 -0.08284549][0. 0. 0. 0. 0. 0. 0.][-0.09850965  0.03946398  0.02870187 -0.09828813  0.02328494  0.07554346
  0.003116  ][0. 0. 0. 0. 0. 0. 0.][-0.06827591 -0.05352642  0.00479555  0.07681041  0.05746445  0.01453957
 -0.04035336][0. 0. 0. 0. 0. 0. 0.][ 0.03085298  0.07453693 -0.03720531 -0.04432282  0.01682664  0.07124994
 -0.07061725][0. 0. 0. 0. 0. 0. 0.][ 0.07342358  0.03493021  0.01865835  0.0883176   0.02247874 -0.02225536
  0.00470373][0. 0. 0. 0. 0. 0. 0.][-0.06119709 -0.07258923  0.08827307  0.00777651  0.04222959 -0.04339043
  0.03945849][0. 0. 0. 0. 0. 0. 0.][ 0.02668502  0.07649802 -0.07477561 -0.00954959 -0.05716847 -0.00580172
 -0.00238309][0. 0. 0. 0. 0. 0. 0.]